V 54
K 1
D 0 -1016000 3556000 0
Y 1
U 3175000 762000 254000 0 2 3 REFDES=IC?
U 3175000 508000 254000 0 2 3 DEVICE=LM4670ITL_NOPB
U 3175000 254000 254000 0 2 0 PKG_TYPE=BGA9C50P3X3_146X148X68
U 3175000 0 254000 0 2 0 Description=Filterless High Efficiency 3W Switching Audio Amplifier
U 3175000 -254000 254000 0 2 0 Datasheet Link=http://www.ti.com/lit/gpn/lm4670
U 3175000 -508000 254000 0 2 0 Height=0.675
U 3175000 -762000 254000 0 2 0 Manufacturer_Name=Texas Instruments
U 3175000 -1016000 254000 0 2 0 Manufacturer_Part_Number=LM4670ITL/NOPB
U 3175000 -1270000 254000 0 2 0 Mouser Part Number=595-LM4670ITL/NOPB
U 3175000 -1524000 254000 0 2 0 Mouser Price/Stock=https://www.mouser.co.uk/ProductDetail/Texas-Instruments/LM4670ITL-NOPB?qs=2k4gZbgf%2F9nVYKjbIJpyZw%3D%3D
U 3175000 -1778000 254000 0 2 0 Arrow Part Number=LM4670ITL/NOPB
U 3175000 -2032000 254000 0 2 0 Arrow Price/Stock=https://www.arrow.com/en/products/lm4670itlnopb/texas-instruments
U 0 0 254000 0 1 0 FORWARD_PCB=1
l 5 508000 254000 3048000 254000 3048000 -1270000 508000 -1270000 508000 254000
|GRPHSTL -1 -1 -1 1
P 1 0 0 508000 0 0 2 0
L 584200 0 228600 0 2 0 1 0 IN+
A 355600 50800 203200 0 9 3 #=A1
A 0 0 9 0 3 0 PINTYPE=BI
P 2 0 -254000 508000 -254000 0 2 0
L 584200 -254000 228600 0 2 0 1 0 GND_1
A 355600 -203200 203200 0 9 3 #=A2
A 0 0 9 0 3 0 PINTYPE=BI
P 3 0 -508000 508000 -508000 0 2 0
L 584200 -508000 228600 0 2 0 1 0 VO1
A 355600 -457200 203200 0 9 3 #=A3
A 0 0 9 0 3 0 PINTYPE=BI
P 4 0 -762000 508000 -762000 0 2 0
L 584200 -762000 228600 0 2 0 1 0 VDD
A 355600 -711200 203200 0 9 3 #=B1
A 0 0 9 0 3 0 PINTYPE=BI
P 5 0 -1016000 508000 -1016000 0 2 0
L 584200 -1016000 228600 0 2 0 1 0 PVDD
A 355600 -965200 203200 0 9 3 #=B2
A 0 0 9 0 3 0 PINTYPE=BI
P 6 3556000 0 3048000 0 0 3 0
L 2971800 0 228600 0 8 0 1 0 GND_2
A 3200400 50800 203200 0 3 3 #=B3
A 0 0 9 0 3 0 PINTYPE=BI
P 7 3556000 -254000 3048000 -254000 0 3 0
L 2971800 -254000 228600 0 8 0 1 0 IN-
A 3200400 -203200 203200 0 3 3 #=C1
A 0 0 9 0 3 0 PINTYPE=BI
P 8 3556000 -508000 3048000 -508000 0 3 0
L 2971800 -508000 228600 0 8 0 1 0 ~SHUTDOWN
A 3200400 -457200 203200 0 3 3 #=C2
A 0 0 9 0 3 0 PINTYPE=BI
P 9 3556000 -762000 3048000 -762000 0 3 0
L 2971800 -762000 228600 0 8 0 1 0 VO2
A 3200400 -711200 203200 0 3 3 #=C3
A 0 0 9 0 3 0 PINTYPE=BI
E
