V 54
K 1
D 0 -3302000 3556000 2032000
Y 1
U 3175000 2032000 254000 0 2 3 REFDES=IC?
U 3175000 1778000 254000 0 2 3 DEVICE=SAM-M10Q
U 3175000 1524000 254000 0 2 0 PKG_TYPE=SAMM10Q
U 3175000 1270000 254000 0 2 0 Description=- RF Receiver Galileo, GLONASS, GPS 1.575GHz, 1.602GHz -165dBm 400kbps On-Board, Patch Module
U 3175000 1016000 254000 0 2 0 Datasheet Link=https://content.u-blox.com/sites/default/files/documents/SAM-M10Q_IntegrationManual_UBX-22020019.pdf
U 3175000 762000 254000 0 2 0 Height=6.8
U 3175000 508000 254000 0 2 0 Manufacturer_Name=u-blox
U 3175000 254000 254000 0 2 0 Manufacturer_Part_Number=SAM-M10Q
U 3175000 0 254000 0 2 0 Mouser Part Number=N/A
U 3175000 -254000 254000 0 2 0 Mouser Price/Stock=https://www.mouser.co.uk/ProductDetail/u-blox/SAM-M10Q?qs=vvQtp7zwQdOcUykyQtAdbA%3D%3D
U 3175000 -508000 254000 0 2 0 Arrow Part Number=
U 3175000 -762000 254000 0 2 0 Arrow Price/Stock=
U 0 0 254000 0 1 0 FORWARD_PCB=1
l 5 508000 1524000 3048000 1524000 3048000 -2794000 508000 -2794000 508000 1524000
|GRPHSTL -1 -1 -1 1
P 1 0 0 508000 0 0 2 0
L 584200 0 228600 0 2 0 1 0 GND_1
A 355600 50800 203200 0 9 3 #=1
A 0 0 9 0 3 0 PINTYPE=BI
P 2 0 -254000 508000 -254000 0 2 0
L 584200 -254000 228600 0 2 0 1 0 V_IO
A 355600 -203200 203200 0 9 3 #=2
A 0 0 9 0 3 0 PINTYPE=BI
P 3 0 -508000 508000 -508000 0 2 0
L 584200 -508000 228600 0 2 0 1 0 V_BCKP
A 355600 -457200 203200 0 9 3 #=3
A 0 0 9 0 3 0 PINTYPE=BI
P 4 0 -762000 508000 -762000 0 2 0
L 584200 -762000 228600 0 2 0 1 0 GND_2
A 355600 -711200 203200 0 9 3 #=4
A 0 0 9 0 3 0 PINTYPE=BI
P 5 0 -1016000 508000 -1016000 0 2 0
L 584200 -1016000 228600 0 2 0 1 0 GND_3
A 355600 -965200 203200 0 9 3 #=5
A 0 0 9 0 3 0 PINTYPE=BI
P 6 1270000 -3302000 1270000 -2794000 0 1 0
L 1270000 -2717800 228600 1 2 0 1 0 GND_4
A 1219200 -2946400 203200 1 9 3 #=6
A 0 0 9 0 3 0 PINTYPE=BI
P 7 1524000 -3302000 1524000 -2794000 0 1 0
L 1524000 -2717800 228600 1 2 0 1 0 TIMEPULSE
A 1473200 -2946400 203200 1 9 3 #=7
A 0 0 9 0 3 0 PINTYPE=BI
P 8 1778000 -3302000 1778000 -2794000 0 1 0
L 1778000 -2717800 228600 1 2 0 1 0 SAFEBOOT_N
A 1727200 -2946400 203200 1 9 3 #=8
A 0 0 9 0 3 0 PINTYPE=BI
P 9 2032000 -3302000 2032000 -2794000 0 1 0
L 2032000 -2717800 228600 1 2 0 1 0 SDA
A 1981200 -2946400 203200 1 9 3 #=9
A 0 0 9 0 3 0 PINTYPE=BI
P 10 2286000 -3302000 2286000 -2794000 0 1 0
L 2286000 -2717800 228600 1 2 0 1 0 GND_5
A 2235200 -2946400 203200 1 9 3 #=10
A 0 0 9 0 3 0 PINTYPE=BI
P 11 3556000 -1016000 3048000 -1016000 0 3 0
L 2971800 -1016000 228600 0 8 0 1 0 GND_6
A 3200400 -965200 203200 0 3 3 #=11
A 0 0 9 0 3 0 PINTYPE=BI
P 12 3556000 -762000 3048000 -762000 0 3 0
L 2971800 -762000 228600 0 8 0 1 0 SCL
A 3200400 -711200 203200 0 3 3 #=12
A 0 0 9 0 3 0 PINTYPE=BI
P 13 3556000 -508000 3048000 -508000 0 3 0
L 2971800 -508000 228600 0 8 0 1 0 TXD
A 3200400 -457200 203200 0 3 3 #=13
A 0 0 9 0 3 0 PINTYPE=BI
P 14 3556000 -254000 3048000 -254000 0 3 0
L 2971800 -254000 228600 0 8 0 1 0 RXD
A 3200400 -203200 203200 0 3 3 #=14
A 0 0 9 0 3 0 PINTYPE=BI
P 15 3556000 0 3048000 0 0 3 0
L 2971800 0 228600 0 8 0 1 0 GND_7
A 3200400 50800 203200 0 3 3 #=15
A 0 0 9 0 3 0 PINTYPE=BI
P 16 2286000 2032000 2286000 1524000 0 0 0
L 2286000 1447800 228600 1 8 0 1 0 GND_8
A 2235200 1676400 203200 1 3 3 #=16
A 0 0 9 0 3 0 PINTYPE=BI
P 17 2032000 2032000 2032000 1524000 0 0 0
L 2032000 1447800 228600 1 8 0 1 0 VCC
A 1981200 1676400 203200 1 3 3 #=17
A 0 0 9 0 3 0 PINTYPE=BI
P 18 1778000 2032000 1778000 1524000 0 0 0
L 1778000 1447800 228600 1 8 0 1 0 RESET_N
A 1727200 1676400 203200 1 3 3 #=18
A 0 0 9 0 3 0 PINTYPE=BI
P 19 1524000 2032000 1524000 1524000 0 0 0
L 1524000 1447800 228600 1 8 0 1 0 EXTINT
A 1473200 1676400 203200 1 3 3 #=19
A 0 0 9 0 3 0 PINTYPE=BI
P 20 1270000 2032000 1270000 1524000 0 0 0
L 1270000 1447800 228600 1 8 0 1 0 GND_9
A 1219200 1676400 203200 1 3 3 #=20
A 0 0 9 0 3 0 PINTYPE=BI
E
