V 54
K 1
D 0 -3556000 3302000 0
Y 1
U 2921000 762000 254000 0 2 3 REFDES=IC?
U 2921000 508000 254000 0 2 3 DEVICE=TAC5112IRGER
U 2921000 254000 254000 0 2 0 PKG_TYPE=TAC5112IRGER
U 2921000 0 254000 0 2 0 Description=Interface - CODECs Low-power stereo audio codec with 105dB dynamic range ADC and 114dB dynamic range DAC, -40C ~ 125C, 1.2V/3.3V
U 2921000 -254000 254000 0 2 0 Datasheet Link=https://www.ti.com/lit/ds/symlink/tac5112.pdf?ts=1748263003675&ref_url=https%253A%252F%252Fwww.ti.com%252Fde-de%252Faudio-ic%252Fconverters%252Fproducts.html
U 2921000 -508000 254000 0 2 0 Height=1
U 2921000 -762000 254000 0 2 0 Manufacturer_Name=Texas Instruments
U 2921000 -1016000 254000 0 2 0 Manufacturer_Part_Number=TAC5112IRGER
U 2921000 -1270000 254000 0 2 0 Mouser Part Number=
U 2921000 -1524000 254000 0 2 0 Mouser Price/Stock=
U 2921000 -1778000 254000 0 2 0 Arrow Part Number=TAC5112IRGER
U 2921000 -2032000 254000 0 2 0 Arrow Price/Stock=https://www.arrow.com/en/products/tac5112irger/texas-instruments.html?utm_currency=USD&region=nac
U 0 0 254000 0 1 0 FORWARD_PCB=1
l 5 508000 254000 2794000 254000 2794000 -3810000 508000 -3810000 508000 254000
|GRPHSTL -1 -1 -1 1
P 1 0 0 508000 0 0 2 0
L 584200 0 228600 0 2 0 1 0 DREG
A 355600 50800 203200 0 9 3 #=1
A 0 0 9 0 3 0 PINTYPE=BI
P 2 0 -254000 508000 -254000 0 2 0
L 584200 -254000 228600 0 2 0 1 0 BCLK
A 355600 -203200 203200 0 9 3 #=2
A 0 0 9 0 3 0 PINTYPE=BI
P 3 0 -508000 508000 -508000 0 2 0
L 584200 -508000 228600 0 2 0 1 0 FSYNC
A 355600 -457200 203200 0 9 3 #=3
A 0 0 9 0 3 0 PINTYPE=BI
P 4 0 -762000 508000 -762000 0 2 0
L 584200 -762000 228600 0 2 0 1 0 DOUT
A 355600 -711200 203200 0 9 3 #=4
A 0 0 9 0 3 0 PINTYPE=BI
P 5 0 -1016000 508000 -1016000 0 2 0
L 584200 -1016000 228600 0 2 0 1 0 DIN
A 355600 -965200 203200 0 9 3 #=5
A 0 0 9 0 3 0 PINTYPE=BI
P 6 0 -1270000 508000 -1270000 0 2 0
L 584200 -1270000 228600 0 2 0 1 0 IOVDD
A 355600 -1219200 203200 0 9 3 #=6
A 0 0 9 0 3 0 PINTYPE=BI
P 7 0 -1524000 508000 -1524000 0 2 0
L 584200 -1524000 228600 0 2 0 1 0 SCL
A 355600 -1473200 203200 0 9 3 #=7
A 0 0 9 0 3 0 PINTYPE=BI
P 8 0 -1778000 508000 -1778000 0 2 0
L 584200 -1778000 228600 0 2 0 1 0 SDA
A 355600 -1727200 203200 0 9 3 #=8
A 0 0 9 0 3 0 PINTYPE=BI
P 9 0 -2032000 508000 -2032000 0 2 0
L 584200 -2032000 228600 0 2 0 1 0 GPIO1
A 355600 -1981200 203200 0 9 3 #=9
A 0 0 9 0 3 0 PINTYPE=BI
P 10 0 -2286000 508000 -2286000 0 2 0
L 584200 -2286000 228600 0 2 0 1 0 GPIO2
A 355600 -2235200 203200 0 9 3 #=10
A 0 0 9 0 3 0 PINTYPE=BI
P 11 0 -2540000 508000 -2540000 0 2 0
L 584200 -2540000 228600 0 2 0 1 0 GPO1
A 355600 -2489200 203200 0 9 3 #=11
A 0 0 9 0 3 0 PINTYPE=BI
P 12 0 -2794000 508000 -2794000 0 2 0
L 584200 -2794000 228600 0 2 0 1 0 GPI1
A 355600 -2743200 203200 0 9 3 #=12
A 0 0 9 0 3 0 PINTYPE=BI
P 13 0 -3048000 508000 -3048000 0 2 0
L 584200 -3048000 228600 0 2 0 1 0 ADDR
A 355600 -2997200 203200 0 9 3 #=13
A 0 0 9 0 3 0 PINTYPE=BI
P 14 0 -3302000 508000 -3302000 0 2 0
L 584200 -3302000 228600 0 2 0 1 0 MICBIAS
A 355600 -3251200 203200 0 9 3 #=14
A 0 0 9 0 3 0 PINTYPE=BI
P 15 0 -3556000 508000 -3556000 0 2 0
L 584200 -3556000 228600 0 2 0 1 0 IN1P
A 355600 -3505200 203200 0 9 3 #=15
A 0 0 9 0 3 0 PINTYPE=BI
P 16 3302000 0 2794000 0 0 3 0
L 2717800 0 228600 0 8 0 1 0 IN1M
A 2946400 50800 203200 0 3 3 #=16
A 0 0 9 0 3 0 PINTYPE=BI
P 17 3302000 -254000 2794000 -254000 0 3 0
L 2717800 -254000 228600 0 8 0 1 0 IN2P
A 2946400 -203200 203200 0 3 3 #=17
A 0 0 9 0 3 0 PINTYPE=BI
P 18 3302000 -508000 2794000 -508000 0 3 0
L 2717800 -508000 228600 0 8 0 1 0 IN2M
A 2946400 -457200 203200 0 3 3 #=18
A 0 0 9 0 3 0 PINTYPE=BI
P 19 3302000 -762000 2794000 -762000 0 3 0
L 2717800 -762000 228600 0 8 0 1 0 OUT1M
A 2946400 -711200 203200 0 3 3 #=19
A 0 0 9 0 3 0 PINTYPE=BI
P 20 3302000 -1016000 2794000 -1016000 0 3 0
L 2717800 -1016000 228600 0 8 0 1 0 OUT1P
A 2946400 -965200 203200 0 3 3 #=20
A 0 0 9 0 3 0 PINTYPE=BI
P 21 3302000 -1270000 2794000 -1270000 0 3 0
L 2717800 -1270000 228600 0 8 0 1 0 OUT2P
A 2946400 -1219200 203200 0 3 3 #=21
A 0 0 9 0 3 0 PINTYPE=BI
P 22 3302000 -1524000 2794000 -1524000 0 3 0
L 2717800 -1524000 228600 0 8 0 1 0 OUT2M
A 2946400 -1473200 203200 0 3 3 #=22
A 0 0 9 0 3 0 PINTYPE=BI
P 23 3302000 -1778000 2794000 -1778000 0 3 0
L 2717800 -1778000 228600 0 8 0 1 0 AVDD
A 2946400 -1727200 203200 0 3 3 #=23
A 0 0 9 0 3 0 PINTYPE=BI
P 24 3302000 -2032000 2794000 -2032000 0 3 0
L 2717800 -2032000 228600 0 8 0 1 0 VREF
A 2946400 -1981200 203200 0 3 3 #=24
A 0 0 9 0 3 0 PINTYPE=BI
P 25 3302000 -2286000 2794000 -2286000 0 3 0
L 2717800 -2286000 228600 0 8 0 1 0 VSS_1
A 2946400 -2235200 203200 0 3 3 #=25
A 0 0 9 0 3 0 PINTYPE=BI
P 26 3302000 -2540000 2794000 -2540000 0 3 0
L 2717800 -2540000 228600 0 8 0 1 0 VSS_2
A 2946400 -2489200 203200 0 3 3 #=26
A 0 0 9 0 3 0 PINTYPE=BI
P 27 3302000 -2794000 2794000 -2794000 0 3 0
L 2717800 -2794000 228600 0 8 0 1 0 VSS_3
A 2946400 -2743200 203200 0 3 3 #=27
A 0 0 9 0 3 0 PINTYPE=BI
P 28 3302000 -3048000 2794000 -3048000 0 3 0
L 2717800 -3048000 228600 0 8 0 1 0 VSS_4
A 2946400 -2997200 203200 0 3 3 #=28
A 0 0 9 0 3 0 PINTYPE=BI
P 29 3302000 -3302000 2794000 -3302000 0 3 0
L 2717800 -3302000 228600 0 8 0 1 0 VSS_5
A 2946400 -3251200 203200 0 3 3 #=29
A 0 0 9 0 3 0 PINTYPE=BI
E
