V 54
K 1
D 0 -2540000 2794000 1524000
Y 1
U 2413000 1524000 254000 0 2 3 REFDES=IC?
U 2413000 1270000 254000 0 2 3 DEVICE=TPS2121RUXT
U 2413000 1016000 254000 0 2 0 PKG_TYPE=TPS2121RUXT
U 2413000 762000 254000 0 2 0 Description=Power Switch ICs - Power Distribution 2.7-22V, 56mG , 4.5A, Priority Power MUX with Seamless Switchover 12-VQFN-HR -40 to 125
U 2413000 508000 254000 0 2 0 Datasheet Link=https://www.arrow.com/en/products/tps2121ruxt/texas-instruments
U 2413000 254000 254000 0 2 0 Height=1
U 2413000 0 254000 0 2 0 Manufacturer_Name=Texas Instruments
U 2413000 -254000 254000 0 2 0 Manufacturer_Part_Number=TPS2121RUXT
U 2413000 -508000 254000 0 2 0 Mouser Part Number=595-TPS2121RUXT
U 2413000 -762000 254000 0 2 0 Mouser Price/Stock=https://www.mouser.co.uk/ProductDetail/Texas-Instruments/TPS2121RUXT?qs=l7cgNqFNU1i6abJCbO5ulQ%3D%3D
U 2413000 -1016000 254000 0 2 0 Arrow Part Number=TPS2121RUXT
U 2413000 -1270000 254000 0 2 0 Arrow Price/Stock=https://www.arrow.com/en/products/tps2121ruxt/texas-instruments.html?utm_currency=USD&region=nac
U 0 0 254000 0 1 0 FORWARD_PCB=1
l 5 508000 1016000 2286000 1016000 2286000 -2794000 508000 -2794000 508000 1016000
|GRPHSTL -1 -1 -1 1
P 1 2794000 0 2286000 0 0 3 0
L 2209800 0 228600 0 8 0 1 0 OUT_1
A 2438400 50800 203200 0 3 3 #=1
A 0 0 9 0 3 0 PINTYPE=BI
P 2 0 -1524000 508000 -1524000 0 2 0
L 584200 -1524000 228600 0 2 0 1 0 IN2
A 355600 -1473200 203200 0 9 3 #=2
A 0 0 9 0 3 0 PINTYPE=BI
P 3 2794000 -1524000 2286000 -1524000 0 3 0
L 2209800 -1524000 228600 0 8 0 1 0 CP2
A 2438400 -1473200 203200 0 3 3 #=3
A 0 0 9 0 3 0 PINTYPE=BI
P 4 0 -2540000 508000 -2540000 0 2 0
L 584200 -2540000 228600 0 2 0 1 0 OV2
A 355600 -2489200 203200 0 9 3 #=4
A 0 0 9 0 3 0 PINTYPE=BI
P 5 0 -1016000 508000 -1016000 0 2 0
L 584200 -1016000 228600 0 2 0 1 0 OV1
A 355600 -965200 203200 0 9 3 #=5
A 0 0 9 0 3 0 PINTYPE=BI
P 6 1016000 1524000 1016000 1016000 0 0 0
L 1016000 939800 228600 1 8 0 1 0 PR1
A 965200 1168400 203200 1 3 3 #=6
A 0 0 9 0 3 0 PINTYPE=BI
P 7 0 0 508000 0 0 2 0
L 584200 0 228600 0 2 0 1 0 IN1
A 355600 50800 203200 0 9 3 #=7
A 0 0 9 0 3 0 PINTYPE=BI
P 8 2794000 -254000 2286000 -254000 0 3 0
L 2209800 -254000 228600 0 8 0 1 0 OUT_2
A 2438400 -203200 203200 0 3 3 #=8
A 0 0 9 0 3 0 PINTYPE=BI
P 9 1778000 1524000 1778000 1016000 0 0 0
L 1778000 939800 228600 1 8 0 1 0 ST
A 1727200 1168400 203200 1 3 3 #=9
A 0 0 9 0 3 0 PINTYPE=BI
P 10 2794000 -1778000 2286000 -1778000 0 3 0
L 2209800 -1778000 228600 0 8 0 1 0 ILIM
A 2438400 -1727200 203200 0 3 3 #=10
A 0 0 9 0 3 0 PINTYPE=BI
P 11 2794000 -2032000 2286000 -2032000 0 3 0
L 2209800 -2032000 228600 0 8 0 1 0 SS
A 2438400 -1981200 203200 0 3 3 #=11
A 0 0 9 0 3 0 PINTYPE=BI
P 12 2794000 -2540000 2286000 -2540000 0 3 0
L 2209800 -2540000 228600 0 8 0 1 0 GND
A 2438400 -2489200 203200 0 3 3 #=12
A 0 0 9 0 3 0 PINTYPE=BI
E
