V 54
K 1
D 0 -4318000 5080000 2540000
Y 1
U 4699000 2540000 254000 0 2 3 REFDES=IC?
U 4699000 2286000 254000 0 2 3 DEVICE=CC3350ENJARSBR
U 4699000 2032000 254000 0 2 0 PKG_TYPE=QFN40P500X500X80-41N-D
U 4699000 1778000 254000 0 2 0 Description=Key Features  Wi-Fi 6 (802.11ax)  Bluetooth Low Energy 5.4 in CC33x1 devices  Companion IC to any processor or MCU host capable of running a TCP/IP stack  Integrated 2.4GHz and 5GHz PA for complete wireless solution with up to +20.5dBm output power.  Operating temperature: 40C to +105C  Application throughput up to 50Mbps Extended Features  Wi-Fi 6  2.4GHz and 5GHz, 20MHz, single spatial stream  MAC, baseband, and RF transceiver with support for IEEE 802.11 a/b/g/n/ax  OFDMA, t
U 4699000 1524000 254000 0 2 0 Datasheet Link=https://www.ti.com/lit/ds/symlink/cc3350.pdf?ts=1745530269962&ref_url=https%253A%252F%252Fwww.mouser.com%252F
U 4699000 1270000 254000 0 2 0 Height=0.8
U 4699000 1016000 254000 0 2 0 Manufacturer_Name=Texas Instruments
U 4699000 762000 254000 0 2 0 Manufacturer_Part_Number=CC3350ENJARSBR
U 4699000 508000 254000 0 2 0 Mouser Part Number=
U 4699000 254000 254000 0 2 0 Mouser Price/Stock=
U 4699000 0 254000 0 2 0 Arrow Part Number=CC3350ENJARSBR
U 4699000 -254000 254000 0 2 0 Arrow Price/Stock=https://www.arrow.com/en/products/cc3350enjarsbr/texas-instruments?utm_currency=USD&region=nac
U 0 0 254000 0 1 0 FORWARD_PCB=1
l 5 508000 2032000 4572000 2032000 4572000 -3810000 508000 -3810000 508000 2032000
|GRPHSTL -1 -1 -1 1
P 1 0 0 508000 0 0 2 0
L 584200 0 228600 0 2 0 1 0 PA_LDO_OUT
A 355600 50800 203200 0 9 3 #=1
A 0 0 9 0 3 0 PINTYPE=BI
P 2 0 -254000 508000 -254000 0 2 0
L 584200 -254000 228600 0 2 0 1 0 RF_BG
A 355600 -203200 203200 0 9 3 #=2
A 0 0 9 0 3 0 PINTYPE=BI
P 3 0 -508000 508000 -508000 0 2 0
L 584200 -508000 228600 0 2 0 1 0 GND_1
A 355600 -457200 203200 0 9 3 #=3
A 0 0 9 0 3 0 PINTYPE=BI
P 4 0 -762000 508000 -762000 0 2 0
L 584200 -762000 228600 0 2 0 1 0 VDDA_IN1
A 355600 -711200 203200 0 9 3 #=4
A 0 0 9 0 3 0 PINTYPE=BI
P 5 0 -1016000 508000 -1016000 0 2 0
L 584200 -1016000 228600 0 2 0 1 0 VDDA_IN2
A 355600 -965200 203200 0 9 3 #=5
A 0 0 9 0 3 0 PINTYPE=BI
P 6 0 -1270000 508000 -1270000 0 2 0
L 584200 -1270000 228600 0 2 0 1 0 HFXT_P/EXT
A 355600 -1219200 203200 0 9 3 #=6
A 0 0 9 0 3 0 PINTYPE=BI
P 7 0 -1524000 508000 -1524000 0 2 0
L 584200 -1524000 228600 0 2 0 1 0 HFXT_M
A 355600 -1473200 203200 0 9 3 #=7
A 0 0 9 0 3 0 PINTYPE=BI
P 8 0 -1778000 508000 -1778000 0 2 0
L 584200 -1778000 228600 0 2 0 1 0 COEX_GRANT
A 355600 -1727200 203200 0 9 3 #=8
A 0 0 9 0 3 0 PINTYPE=BI
P 9 0 -2032000 508000 -2032000 0 2 0
L 584200 -2032000 228600 0 2 0 1 0 COEX_PRIORITY
A 355600 -1981200 203200 0 9 3 #=9
A 0 0 9 0 3 0 PINTYPE=BI
P 10 0 -2286000 508000 -2286000 0 2 0
L 584200 -2286000 228600 0 2 0 1 0 COEX_REQ
A 355600 -2235200 203200 0 9 3 #=10
A 0 0 9 0 3 0 PINTYPE=BI
P 11 1270000 -4318000 1270000 -3810000 0 1 0
L 1270000 -3733800 228600 1 2 0 1 0 UART_RTS
A 1219200 -3962400 203200 1 9 3 #=11
A 0 0 9 0 3 0 PINTYPE=BI
P 12 1524000 -4318000 1524000 -3810000 0 1 0
L 1524000 -3733800 228600 1 2 0 1 0 UART_CTS
A 1473200 -3962400 203200 1 9 3 #=12
A 0 0 9 0 3 0 PINTYPE=BI
P 13 1778000 -4318000 1778000 -3810000 0 1 0
L 1778000 -3733800 228600 1 2 0 1 0 UART_RX
A 1727200 -3962400 203200 1 9 3 #=13
A 0 0 9 0 3 0 PINTYPE=BI
P 14 2032000 -4318000 2032000 -3810000 0 1 0
L 2032000 -3733800 228600 1 2 0 1 0 UART_TX
A 1981200 -3962400 203200 1 9 3 #=14
A 0 0 9 0 3 0 PINTYPE=BI
P 15 2286000 -4318000 2286000 -3810000 0 1 0
L 2286000 -3733800 228600 1 2 0 1 0 ANT_SEL
A 2235200 -3962400 203200 1 9 3 #=15
A 0 0 9 0 3 0 PINTYPE=BI
P 16 2540000 -4318000 2540000 -3810000 0 1 0
L 2540000 -3733800 228600 1 2 0 1 0 GND_2
A 2489200 -3962400 203200 1 9 3 #=16
A 0 0 9 0 3 0 PINTYPE=BI
P 17 2794000 -4318000 2794000 -3810000 0 1 0
L 2794000 -3733800 228600 1 2 0 1 0 VIO
A 2743200 -3962400 203200 1 9 3 #=17
A 0 0 9 0 3 0 PINTYPE=BI
P 18 3048000 -4318000 3048000 -3810000 0 1 0
L 3048000 -3733800 228600 1 2 0 1 0 SDIO_CMD
A 2997200 -3962400 203200 1 9 3 #=18
A 0 0 9 0 3 0 PINTYPE=BI
P 19 3302000 -4318000 3302000 -3810000 0 1 0
L 3302000 -3733800 228600 1 2 0 1 0 SDIO_CLK
A 3251200 -3962400 203200 1 9 3 #=19
A 0 0 9 0 3 0 PINTYPE=BI
P 20 3556000 -4318000 3556000 -3810000 0 1 0
L 3556000 -3733800 228600 1 2 0 1 0 GND_3
A 3505200 -3962400 203200 1 9 3 #=20
A 0 0 9 0 3 0 PINTYPE=BI
P 21 5080000 0 4572000 0 0 3 0
L 4495800 0 228600 0 8 0 1 0 HOST_IRQ_BLE
A 4724400 50800 203200 0 3 3 #=30
A 0 0 9 0 3 0 PINTYPE=BI
P 22 5080000 -254000 4572000 -254000 0 3 0
L 4495800 -254000 228600 0 8 0 1 0 HOST_IRQ_WL
A 4724400 -203200 203200 0 3 3 #=29
A 0 0 9 0 3 0 PINTYPE=BI
P 23 5080000 -508000 4572000 -508000 0 3 0
L 4495800 -508000 228600 0 8 0 1 0 LOGGER
A 4724400 -457200 203200 0 3 3 #=28
A 0 0 9 0 3 0 PINTYPE=BI
P 24 5080000 -762000 4572000 -762000 0 3 0
L 4495800 -762000 228600 0 8 0 1 0 SWDIO
A 4724400 -711200 203200 0 3 3 #=27
A 0 0 9 0 3 0 PINTYPE=BI
P 25 5080000 -1016000 4572000 -1016000 0 3 0
L 4495800 -1016000 228600 0 8 0 1 0 SWCLK
A 4724400 -965200 203200 0 3 3 #=26
A 0 0 9 0 3 0 PINTYPE=BI
P 26 5080000 -1270000 4572000 -1270000 0 3 0
L 4495800 -1270000 228600 0 8 0 1 0 GND_4
A 4724400 -1219200 203200 0 3 3 #=25
A 0 0 9 0 3 0 PINTYPE=BI
P 27 5080000 -1524000 4572000 -1524000 0 3 0
L 4495800 -1524000 228600 0 8 0 1 0 SDIO_D0
A 4724400 -1473200 203200 0 3 3 #=24
A 0 0 9 0 3 0 PINTYPE=BI
P 28 5080000 -1778000 4572000 -1778000 0 3 0
L 4495800 -1778000 228600 0 8 0 1 0 SDIO_D1
A 4724400 -1727200 203200 0 3 3 #=23
A 0 0 9 0 3 0 PINTYPE=BI
P 29 5080000 -2032000 4572000 -2032000 0 3 0
L 4495800 -2032000 228600 0 8 0 1 0 SDIO_D2
A 4724400 -1981200 203200 0 3 3 #=22
A 0 0 9 0 3 0 PINTYPE=BI
P 30 5080000 -2286000 4572000 -2286000 0 3 0
L 4495800 -2286000 228600 0 8 0 1 0 SDIO_D3
A 4724400 -2235200 203200 0 3 3 #=21
A 0 0 9 0 3 0 PINTYPE=BI
P 31 1270000 2540000 1270000 2032000 0 0 0
L 1270000 1955800 228600 1 8 0 1 0 EP
A 1219200 2184400 203200 1 3 3 #=41
A 0 0 9 0 3 0 PINTYPE=BI
P 32 1524000 2540000 1524000 2032000 0 0 0
L 1524000 1955800 228600 1 8 0 1 0 PA_LDO_IN_2
A 1473200 2184400 203200 1 3 3 #=40
A 0 0 9 0 3 0 PINTYPE=BI
P 33 1778000 2540000 1778000 2032000 0 0 0
L 1778000 1955800 228600 1 8 0 1 0 PA_LDO_IN_1
A 1727200 2184400 203200 1 3 3 #=39
A 0 0 9 0 3 0 PINTYPE=BI
P 34 2032000 2540000 2032000 2032000 0 0 0
L 2032000 1955800 228600 1 8 0 1 0 RF_A
A 1981200 2184400 203200 1 3 3 #=38
A 0 0 9 0 3 0 PINTYPE=BI
P 35 2286000 2540000 2286000 2032000 0 0 0
L 2286000 1955800 228600 1 8 0 1 0 GND_5
A 2235200 2184400 203200 1 3 3 #=37
A 0 0 9 0 3 0 PINTYPE=BI
P 36 2540000 2540000 2540000 2032000 0 0 0
L 2540000 1955800 228600 1 8 0 1 0 FAST_CLK_REQ
A 2489200 2184400 203200 1 3 3 #=36
A 0 0 9 0 3 0 PINTYPE=BI
P 37 2794000 2540000 2794000 2032000 0 0 0
L 2794000 1955800 228600 1 8 0 1 0 VPP_IN
A 2743200 2184400 203200 1 3 3 #=35
A 0 0 9 0 3 0 PINTYPE=BI
P 38 3048000 2540000 3048000 2032000 0 0 0
L 3048000 1955800 228600 1 8 0 1 0 SLOW_CLK_IN
A 2997200 2184400 203200 1 3 3 #=34
A 0 0 9 0 3 0 PINTYPE=BI
P 39 3302000 2540000 3302000 2032000 0 0 0
L 3302000 1955800 228600 1 8 0 1 0 NRESET
A 3251200 2184400 203200 1 3 3 #=33
A 0 0 9 0 3 0 PINTYPE=BI
P 40 3556000 2540000 3556000 2032000 0 0 0
L 3556000 1955800 228600 1 8 0 1 0 VDD_MAIN_IN
A 3505200 2184400 203200 1 3 3 #=32
A 0 0 9 0 3 0 PINTYPE=BI
P 41 3810000 2540000 3810000 2032000 0 0 0
L 3810000 1955800 228600 1 8 0 1 0 DIG_LDO_OUT
A 3759200 2184400 203200 1 3 3 #=31
A 0 0 9 0 3 0 PINTYPE=BI
E
