V 54
K 1
D 0 -2540000 3048000 1524000
Y 1
U 2667000 1524000 254000 0 2 3 REFDES=IC?
U 2667000 1270000 254000 0 2 3 DEVICE=TXU0204BQAR
U 2667000 1016000 254000 0 2 0 PKG_TYPE=TXU0204BQAR
U 2667000 762000 254000 0 2 0 Description=TXU0204 is a 4-bit, dual-supply noninverting fixed direction voltage level translation device.
U 2667000 508000 254000 0 2 0 Datasheet Link=https://www.ti.com/lit/ds/symlink/txu0204.pdf?ts=1625930454609
U 2667000 254000 254000 0 2 0 Height=0.8
U 2667000 0 254000 0 2 0 Manufacturer_Name=Texas Instruments
U 2667000 -254000 254000 0 2 0 Manufacturer_Part_Number=TXU0204BQAR
U 2667000 -508000 254000 0 2 0 Mouser Part Number=595-TXU0204BQAR
U 2667000 -762000 254000 0 2 0 Mouser Price/Stock=https://www.mouser.co.uk/ProductDetail/Texas-Instruments/TXU0204BQAR?qs=QNEnbhJQKvZCd1v9XZcqJQ%3D%3D
U 2667000 -1016000 254000 0 2 0 Arrow Part Number=TXU0204BQAR
U 2667000 -1270000 254000 0 2 0 Arrow Price/Stock=https://www.arrow.com/en/products/txu0204bqar/texas-instruments?utm_currency=USD&region=europe
U 0 0 254000 0 1 0 FORWARD_PCB=1
l 5 508000 1016000 2540000 1016000 2540000 -2032000 508000 -2032000 508000 1016000
|GRPHSTL -1 -1 -1 1
P 1 1270000 1524000 1270000 1016000 0 0 0
L 1270000 939800 228600 1 8 0 1 0 VCCA
A 1219200 1168400 203200 1 3 3 #=1
A 0 0 9 0 3 0 PINTYPE=BI
P 2 0 0 508000 0 0 2 0
L 584200 0 228600 0 2 0 1 0 A1
A 355600 50800 203200 0 9 3 #=2
A 0 0 9 0 3 0 PINTYPE=BI
P 3 0 -254000 508000 -254000 0 2 0
L 584200 -254000 228600 0 2 0 1 0 A2
A 355600 -203200 203200 0 9 3 #=3
A 0 0 9 0 3 0 PINTYPE=BI
P 4 0 -508000 508000 -508000 0 2 0
L 584200 -508000 228600 0 2 0 1 0 A3Y
A 355600 -457200 203200 0 9 3 #=4
A 0 0 9 0 3 0 PINTYPE=BI
P 5 0 -762000 508000 -762000 0 2 0
L 584200 -762000 228600 0 2 0 1 0 A4Y
A 355600 -711200 203200 0 9 3 #=5
A 0 0 9 0 3 0 PINTYPE=BI
P 6 0 -1016000 508000 -1016000 0 2 0
L 584200 -1016000 228600 0 2 0 1 0 NC_1
A 355600 -965200 203200 0 9 3 #=6
A 0 0 9 0 3 0 PINTYPE=BI
P 7 1270000 -2540000 1270000 -2032000 0 1 0
L 1270000 -1955800 228600 1 2 0 1 0 GND
A 1219200 -2184400 203200 1 9 3 #=7
A 0 0 9 0 3 0 PINTYPE=BI
P 8 1524000 -2540000 1524000 -2032000 0 1 0
L 1524000 -1955800 228600 1 2 0 1 0 OE
A 1473200 -2184400 203200 1 9 3 #=8
A 0 0 9 0 3 0 PINTYPE=BI
P 9 3048000 -1016000 2540000 -1016000 0 3 0
L 2463800 -1016000 228600 0 8 0 1 0 NC_2
A 2692400 -965200 203200 0 3 3 #=9
A 0 0 9 0 3 0 PINTYPE=BI
P 10 3048000 -762000 2540000 -762000 0 3 0
L 2463800 -762000 228600 0 8 0 1 0 B4
A 2692400 -711200 203200 0 3 3 #=10
A 0 0 9 0 3 0 PINTYPE=BI
P 11 3048000 -508000 2540000 -508000 0 3 0
L 2463800 -508000 228600 0 8 0 1 0 B3
A 2692400 -457200 203200 0 3 3 #=11
A 0 0 9 0 3 0 PINTYPE=BI
P 12 3048000 -254000 2540000 -254000 0 3 0
L 2463800 -254000 228600 0 8 0 1 0 B2Y
A 2692400 -203200 203200 0 3 3 #=12
A 0 0 9 0 3 0 PINTYPE=BI
P 13 3048000 0 2540000 0 0 3 0
L 2463800 0 228600 0 8 0 1 0 B1Y
A 2692400 50800 203200 0 3 3 #=13
A 0 0 9 0 3 0 PINTYPE=BI
P 14 1778000 1524000 1778000 1016000 0 0 0
L 1778000 939800 228600 1 8 0 1 0 VCCB
A 1727200 1168400 203200 1 3 3 #=14
A 0 0 9 0 3 0 PINTYPE=BI
P 15 1524000 1524000 1524000 1016000 0 0 0
L 1524000 939800 228600 1 8 0 1 0 EP
A 1473200 1168400 203200 1 3 3 #=15
A 0 0 9 0 3 0 PINTYPE=BI
E
