V 54
K 1
D 0 -2540000 6604000 4318000
Y 1
U 6223000 4318000 254000 0 2 3 REFDES=IC?
U 6223000 4064000 254000 0 2 3 DEVICE=ICM-42688-P
U 6223000 3810000 254000 0 2 0 PKG_TYPE=IIM42352
U 6223000 3556000 254000 0 2 0 Description=IMU (Inertial Measurement Unit), 6-Axis, Accelerometer, Gyroscope
U 6223000 3302000 254000 0 2 0 Datasheet Link=https://3cfeqx1hf82y3xcoull08ihx-wpengine.netdna-ssl.com/wp-content/uploads/2021/06/DS-000347-ICM-42688-P-v1.5.pdf
U 6223000 3048000 254000 0 2 0 Height=
U 6223000 2794000 254000 0 2 0 Manufacturer_Name=TDK
U 6223000 2540000 254000 0 2 0 Manufacturer_Part_Number=ICM-42688-P
U 6223000 2286000 254000 0 2 0 Mouser Part Number=410-ICM-42688-P
U 6223000 2032000 254000 0 2 0 Mouser Price/Stock=https://www.mouser.co.uk/ProductDetail/TDK-InvenSense/ICM-42688-P?qs=OlC7AqGiEDk8QrNAV728zw%3D%3D
U 6223000 1778000 254000 0 2 0 Arrow Part Number=ICM-42688-P
U 6223000 1524000 254000 0 2 0 Arrow Price/Stock=https://www.arrow.com/en/products/icm-42688-p_2/invensense.html?utm_currency=USD&region=nac
U 0 0 254000 0 1 0 FORWARD_PCB=1
l 5 508000 3810000 6096000 3810000 6096000 -2032000 508000 -2032000 508000 3810000
|GRPHSTL -1 -1 -1 1
P 1 0 0 508000 0 0 2 0
L 584200 0 228600 0 2 0 1 0 AP_SDO_/_AP_AD0
A 355600 50800 203200 0 9 3 #=1
A 0 0 9 0 3 0 PINTYPE=BI
P 2 0 -254000 508000 -254000 0 2 0
L 584200 -254000 228600 0 2 0 1 0 RESV_1
A 355600 -203200 203200 0 9 3 #=2
A 0 0 9 0 3 0 PINTYPE=BI
P 3 0 -508000 508000 -508000 0 2 0
L 584200 -508000 228600 0 2 0 1 0 RESV_2
A 355600 -457200 203200 0 9 3 #=3
A 0 0 9 0 3 0 PINTYPE=BI
P 4 0 -762000 508000 -762000 0 2 0
L 584200 -762000 228600 0 2 0 1 0 INT1_/_INT
A 355600 -711200 203200 0 9 3 #=4
A 0 0 9 0 3 0 PINTYPE=BI
P 5 3048000 -2540000 3048000 -2032000 0 1 0
L 3048000 -1955800 228600 1 2 0 1 0 VDDIO
A 2997200 -2184400 203200 1 9 3 #=5
A 0 0 9 0 3 0 PINTYPE=BI
P 6 3302000 -2540000 3302000 -2032000 0 1 0
L 3302000 -1955800 228600 1 2 0 1 0 GND
A 3251200 -2184400 203200 1 9 3 #=6
A 0 0 9 0 3 0 PINTYPE=BI
P 7 3556000 -2540000 3556000 -2032000 0 1 0
L 3556000 -1955800 228600 1 2 0 1 0 RESV_3
A 3505200 -2184400 203200 1 9 3 #=7
A 0 0 9 0 3 0 PINTYPE=BI
P 8 6604000 -762000 6096000 -762000 0 3 0
L 6019800 -762000 228600 0 8 0 1 0 VDD
A 6248400 -711200 203200 0 3 3 #=8
A 0 0 9 0 3 0 PINTYPE=BI
P 9 6604000 -508000 6096000 -508000 0 3 0
L 6019800 -508000 228600 0 8 0 1 0 INT2_/_FSYNC_/_CLKIN
A 6248400 -457200 203200 0 3 3 #=9
A 0 0 9 0 3 0 PINTYPE=BI
P 10 6604000 -254000 6096000 -254000 0 3 0
L 6019800 -254000 228600 0 8 0 1 0 RESV_4
A 6248400 -203200 203200 0 3 3 #=10
A 0 0 9 0 3 0 PINTYPE=BI
P 11 6604000 0 6096000 0 0 3 0
L 6019800 0 228600 0 8 0 1 0 RESV_5
A 6248400 50800 203200 0 3 3 #=11
A 0 0 9 0 3 0 PINTYPE=BI
P 12 3556000 4318000 3556000 3810000 0 0 0
L 3556000 3733800 228600 1 8 0 1 0 AP_CS
A 3505200 3962400 203200 1 3 3 #=12
A 0 0 9 0 3 0 PINTYPE=BI
P 13 3302000 4318000 3302000 3810000 0 0 0
L 3302000 3733800 228600 1 8 0 1 0 AP_SCL_/_AP_SCLK
A 3251200 3962400 203200 1 3 3 #=13
A 0 0 9 0 3 0 PINTYPE=BI
P 14 3048000 4318000 3048000 3810000 0 0 0
L 3048000 3733800 228600 1 8 0 1 0 AP_SDA_/_AP_SDIO_/_AP_SDI
A 2997200 3962400 203200 1 3 3 #=14
A 0 0 9 0 3 0 PINTYPE=BI
E
