V 54
K 1
D 0 -22352000 5080000 0
Y 1
U 4699000 762000 254000 0 2 3 REFDES=IC?
U 4699000 508000 254000 0 2 3 DEVICE=STM32N645I0H3Q
U 4699000 254000 254000 0 2 0 PKG_TYPE=BGA178C80P14X14_1200X1200X100
U 4699000 0 254000 0 2 0 Description=Arm Cortex-M55-based MCU, with ST Neural-ART Accelerator, H264 encoder, Neo-Chrom 2.5D GPU, 4.2 Mbytes contiguous SRAM
U 4699000 -254000 254000 0 2 0 Datasheet Link=https://www.st.com/resource/en/datasheet/stm32n657a0.pdf
U 4699000 -508000 254000 0 2 0 Height=1
U 4699000 -762000 254000 0 2 0 Manufacturer_Name=STMicroelectronics
U 4699000 -1016000 254000 0 2 0 Manufacturer_Part_Number=STM32N645I0H3Q
U 4699000 -1270000 254000 0 2 0 Mouser Part Number=
U 4699000 -1524000 254000 0 2 0 Mouser Price/Stock=
U 4699000 -1778000 254000 0 2 0 Arrow Part Number=
U 4699000 -2032000 254000 0 2 0 Arrow Price/Stock=
U 0 0 254000 0 1 0 FORWARD_PCB=1
l 5 508000 254000 4572000 254000 4572000 -22606000 508000 -22606000 508000 254000
|GRPHSTL -1 -1 -1 1
P 1 0 0 508000 0 0 2 0
L 584200 0 228600 0 2 0 1 0 PDR_ON
A 355600 50800 203200 0 9 3 #=A1
A 0 0 9 0 3 0 PINTYPE=BI
P 2 0 -254000 508000 -254000 0 2 0
L 584200 -254000 228600 0 2 0 1 0 OTG2_HS_DM
A 355600 -203200 203200 0 9 3 #=A2
A 0 0 9 0 3 0 PINTYPE=BI
P 3 0 -508000 508000 -508000 0 2 0
L 584200 -508000 228600 0 2 0 1 0 NC_1
A 355600 -457200 203200 0 9 3 #=A3
A 0 0 9 0 3 0 PINTYPE=BI
P 4 0 -762000 508000 -762000 0 2 0
L 584200 -762000 228600 0 2 0 1 0 VDD33US_B
A 355600 -711200 203200 0 9 3 #=A4
A 0 0 9 0 3 0 PINTYPE=BI
P 5 0 -1016000 508000 -1016000 0 2 0
L 584200 -1016000 228600 0 2 0 1 0 OTG1_HS_DM
A 355600 -965200 203200 0 9 3 #=A5
A 0 0 9 0 3 0 PINTYPE=BI
P 6 0 -1270000 508000 -1270000 0 2 0
L 584200 -1270000 228600 0 2 0 1 0 UCPD1_C_C1
A 355600 -1219200 203200 0 9 3 #=A6
A 0 0 9 0 3 0 PINTYPE=BI
P 7 0 -1524000 508000 -1524000 0 2 0
L 584200 -1524000 228600 0 2 0 1 0 PH1-_OSC_OU_T
A 355600 -1473200 203200 0 9 3 #=A7
A 0 0 9 0 3 0 PINTYPE=BI
P 8 0 -1778000 508000 -1778000 0 2 0
L 584200 -1778000 228600 0 2 0 1 0 PC6
A 355600 -1727200 203200 0 9 3 #=A8
A 0 0 9 0 3 0 PINTYPE=BI
P 9 0 -2032000 508000 -2032000 0 2 0
L 584200 -2032000 228600 0 2 0 1 0 PC7
A 355600 -1981200 203200 0 9 3 #=A9
A 0 0 9 0 3 0 PINTYPE=BI
P 10 0 -2286000 508000 -2286000 0 2 0
L 584200 -2286000 228600 0 2 0 1 0 PE6
A 355600 -2235200 203200 0 9 3 #=A10
A 0 0 9 0 3 0 PINTYPE=BI
P 11 0 -2540000 508000 -2540000 0 2 0
L 584200 -2540000 228600 0 2 0 1 0 PD6
A 355600 -2489200 203200 0 9 3 #=A11
A 0 0 9 0 3 0 PINTYPE=BI
P 12 0 -2794000 508000 -2794000 0 2 0
L 584200 -2794000 228600 0 2 0 1 0 PD0
A 355600 -2743200 203200 0 9 3 #=A12
A 0 0 9 0 3 0 PINTYPE=BI
P 13 0 -3048000 508000 -3048000 0 2 0
L 584200 -3048000 228600 0 2 0 1 0 PD3
A 355600 -2997200 203200 0 9 3 #=A13
A 0 0 9 0 3 0 PINTYPE=BI
P 14 0 -3302000 508000 -3302000 0 2 0
L 584200 -3302000 228600 0 2 0 1 0 VSS_1
A 355600 -3251200 203200 0 9 3 #=A14
A 0 0 9 0 3 0 PINTYPE=BI
P 15 0 -3556000 508000 -3556000 0 2 0
L 584200 -3556000 228600 0 2 0 1 0 PC14-_OSC32_I_N
A 355600 -3505200 203200 0 9 3 #=B1
A 0 0 9 0 3 0 PINTYPE=BI
P 16 0 -3810000 508000 -3810000 0 2 0
L 584200 -3810000 228600 0 2 0 1 0 OTG2_HS_DP
A 355600 -3759200 203200 0 9 3 #=B2
A 0 0 9 0 3 0 PINTYPE=BI
P 17 0 -4064000 508000 -4064000 0 2 0
L 584200 -4064000 228600 0 2 0 1 0 OTG1_ID
A 355600 -4013200 203200 0 9 3 #=B3
A 0 0 9 0 3 0 PINTYPE=BI
P 18 0 -4318000 508000 -4318000 0 2 0
L 584200 -4318000 228600 0 2 0 1 0 OTG2_TX_RTUNE
A 355600 -4267200 203200 0 9 3 #=B4
A 0 0 9 0 3 0 PINTYPE=BI
P 19 0 -4572000 508000 -4572000 0 2 0
L 584200 -4572000 228600 0 2 0 1 0 OTG1_HS_DP
A 355600 -4521200 203200 0 9 3 #=B5
A 0 0 9 0 3 0 PINTYPE=BI
P 20 0 -4826000 508000 -4826000 0 2 0
L 584200 -4826000 228600 0 2 0 1 0 UCPD1_C_C2
A 355600 -4775200 203200 0 9 3 #=B6
A 0 0 9 0 3 0 PINTYPE=BI
P 21 0 -5080000 508000 -5080000 0 2 0
L 584200 -5080000 228600 0 2 0 1 0 PH0-_OSC_IN
A 355600 -5029200 203200 0 9 3 #=B7
A 0 0 9 0 3 0 PINTYPE=BI
P 22 0 -5334000 508000 -5334000 0 2 0
L 584200 -5334000 228600 0 2 0 1 0 PC1
A 355600 -5283200 203200 0 9 3 #=B8
A 0 0 9 0 3 0 PINTYPE=BI
P 23 0 -5588000 508000 -5588000 0 2 0
L 584200 -5588000 228600 0 2 0 1 0 PE11
A 355600 -5537200 203200 0 9 3 #=B9
A 0 0 9 0 3 0 PINTYPE=BI
P 24 0 -5842000 508000 -5842000 0 2 0
L 584200 -5842000 228600 0 2 0 1 0 PE15
A 355600 -5791200 203200 0 9 3 #=B10
A 0 0 9 0 3 0 PINTYPE=BI
P 25 0 -6096000 508000 -6096000 0 2 0
L 584200 -6096000 228600 0 2 0 1 0 PD7
A 355600 -6045200 203200 0 9 3 #=B11
A 0 0 9 0 3 0 PINTYPE=BI
P 26 0 -6350000 508000 -6350000 0 2 0
L 584200 -6350000 228600 0 2 0 1 0 PD1
A 355600 -6299200 203200 0 9 3 #=B12
A 0 0 9 0 3 0 PINTYPE=BI
P 27 0 -6604000 508000 -6604000 0 2 0
L 584200 -6604000 228600 0 2 0 1 0 PD4
A 355600 -6553200 203200 0 9 3 #=B13
A 0 0 9 0 3 0 PINTYPE=BI
P 28 0 -6858000 508000 -6858000 0 2 0
L 584200 -6858000 228600 0 2 0 1 0 PE9
A 355600 -6807200 203200 0 9 3 #=B14
A 0 0 9 0 3 0 PINTYPE=BI
P 29 0 -7112000 508000 -7112000 0 2 0
L 584200 -7112000 228600 0 2 0 1 0 PC15-_OSC32_O_UT
A 355600 -7061200 203200 0 9 3 #=C1
A 0 0 9 0 3 0 PINTYPE=BI
P 30 0 -7366000 508000 -7366000 0 2 0
L 584200 -7366000 228600 0 2 0 1 0 VBAT
A 355600 -7315200 203200 0 9 3 #=C2
A 0 0 9 0 3 0 PINTYPE=BI
P 31 0 -7620000 508000 -7620000 0 2 0
L 584200 -7620000 228600 0 2 0 1 0 PC13
A 355600 -7569200 203200 0 9 3 #=C3
A 0 0 9 0 3 0 PINTYPE=BI
P 32 0 -7874000 508000 -7874000 0 2 0
L 584200 -7874000 228600 0 2 0 1 0 NC_2
A 355600 -7823200 203200 0 9 3 #=C4
A 0 0 9 0 3 0 PINTYPE=BI
P 33 0 -8128000 508000 -8128000 0 2 0
L 584200 -8128000 228600 0 2 0 1 0 OTG2_ID
A 355600 -8077200 203200 0 9 3 #=C5
A 0 0 9 0 3 0 PINTYPE=BI
P 34 0 -8382000 508000 -8382000 0 2 0
L 584200 -8382000 228600 0 2 0 1 0 PC8
A 355600 -8331200 203200 0 9 3 #=C6
A 0 0 9 0 3 0 PINTYPE=BI
P 35 0 -8636000 508000 -8636000 0 2 0
L 584200 -8636000 228600 0 2 0 1 0 PC11
A 355600 -8585200 203200 0 9 3 #=C7
A 0 0 9 0 3 0 PINTYPE=BI
P 36 0 -8890000 508000 -8890000 0 2 0
L 584200 -8890000 228600 0 2 0 1 0 PH9
A 355600 -8839200 203200 0 9 3 #=C8
A 0 0 9 0 3 0 PINTYPE=BI
P 37 0 -9144000 508000 -9144000 0 2 0
L 584200 -9144000 228600 0 2 0 1 0 PE14
A 355600 -9093200 203200 0 9 3 #=C9
A 0 0 9 0 3 0 PINTYPE=BI
P 38 0 -9398000 508000 -9398000 0 2 0
L 584200 -9398000 228600 0 2 0 1 0 PE13
A 355600 -9347200 203200 0 9 3 #=C10
A 0 0 9 0 3 0 PINTYPE=BI
P 39 0 -9652000 508000 -9652000 0 2 0
L 584200 -9652000 228600 0 2 0 1 0 PD10
A 355600 -9601200 203200 0 9 3 #=C11
A 0 0 9 0 3 0 PINTYPE=BI
P 40 0 -9906000 508000 -9906000 0 2 0
L 584200 -9906000 228600 0 2 0 1 0 PD15
A 355600 -9855200 203200 0 9 3 #=C12
A 0 0 9 0 3 0 PINTYPE=BI
P 41 0 -10160000 508000 -10160000 0 2 0
L 584200 -10160000 228600 0 2 0 1 0 PE8
A 355600 -10109200 203200 0 9 3 #=C13
A 0 0 9 0 3 0 PINTYPE=BI
P 42 0 -10414000 508000 -10414000 0 2 0
L 584200 -10414000 228600 0 2 0 1 0 PE10
A 355600 -10363200 203200 0 9 3 #=C14
A 0 0 9 0 3 0 PINTYPE=BI
P 43 0 -10668000 508000 -10668000 0 2 0
L 584200 -10668000 228600 0 2 0 1 0 V08CAP
A 355600 -10617200 203200 0 9 3 #=D1
A 0 0 9 0 3 0 PINTYPE=BI
P 44 0 -10922000 508000 -10922000 0 2 0
L 584200 -10922000 228600 0 2 0 1 0 VFBSMP_S
A 355600 -10871200 203200 0 9 3 #=D2
A 0 0 9 0 3 0 PINTYPE=BI
P 45 0 -11176000 508000 -11176000 0 2 0
L 584200 -11176000 228600 0 2 0 1 0 BOOT0
A 355600 -11125200 203200 0 9 3 #=D3
A 0 0 9 0 3 0 PINTYPE=BI
P 46 0 -11430000 508000 -11430000 0 2 0
L 584200 -11430000 228600 0 2 0 1 0 VDDA18U_SB
A 355600 -11379200 203200 0 9 3 #=D4
A 0 0 9 0 3 0 PINTYPE=BI
P 47 0 -11684000 508000 -11684000 0 2 0
L 584200 -11684000 228600 0 2 0 1 0 OTG1_TX_RTUNE
A 355600 -11633200 203200 0 9 3 #=D5
A 0 0 9 0 3 0 PINTYPE=BI
P 48 0 -11938000 508000 -11938000 0 2 0
L 584200 -11938000 228600 0 2 0 1 0 PC9
A 355600 -11887200 203200 0 9 3 #=D6
A 0 0 9 0 3 0 PINTYPE=BI
P 49 0 -12192000 508000 -12192000 0 2 0
L 584200 -12192000 228600 0 2 0 1 0 PC12
A 355600 -12141200 203200 0 9 3 #=D7
A 0 0 9 0 3 0 PINTYPE=BI
P 50 0 -12446000 508000 -12446000 0 2 0
L 584200 -12446000 228600 0 2 0 1 0 PC10
A 355600 -12395200 203200 0 9 3 #=D8
A 0 0 9 0 3 0 PINTYPE=BI
P 51 0 -12700000 508000 -12700000 0 2 0
L 584200 -12700000 228600 0 2 0 1 0 PE5
A 355600 -12649200 203200 0 9 3 #=D9
A 0 0 9 0 3 0 PINTYPE=BI
P 52 0 -12954000 508000 -12954000 0 2 0
L 584200 -12954000 228600 0 2 0 1 0 PE12
A 355600 -12903200 203200 0 9 3 #=D10
A 0 0 9 0 3 0 PINTYPE=BI
P 53 0 -13208000 508000 -13208000 0 2 0
L 584200 -13208000 228600 0 2 0 1 0 PE7
A 355600 -13157200 203200 0 9 3 #=D11
A 0 0 9 0 3 0 PINTYPE=BI
P 54 0 -13462000 508000 -13462000 0 2 0
L 584200 -13462000 228600 0 2 0 1 0 PD14
A 355600 -13411200 203200 0 9 3 #=D12
A 0 0 9 0 3 0 PINTYPE=BI
P 55 0 -13716000 508000 -13716000 0 2 0
L 584200 -13716000 228600 0 2 0 1 0 PD8
A 355600 -13665200 203200 0 9 3 #=D13
A 0 0 9 0 3 0 PINTYPE=BI
P 56 0 -13970000 508000 -13970000 0 2 0
L 584200 -13970000 228600 0 2 0 1 0 PD5
A 355600 -13919200 203200 0 9 3 #=D14
A 0 0 9 0 3 0 PINTYPE=BI
P 57 0 -14224000 508000 -14224000 0 2 0
L 584200 -14224000 228600 0 2 0 1 0 VDDA18P_MU
A 355600 -14173200 203200 0 9 3 #=E1
A 0 0 9 0 3 0 PINTYPE=BI
P 58 0 -14478000 508000 -14478000 0 2 0
L 584200 -14478000 228600 0 2 0 1 0 VSSAPM_U
A 355600 -14427200 203200 0 9 3 #=E2
A 0 0 9 0 3 0 PINTYPE=BI
P 59 0 -14732000 508000 -14732000 0 2 0
L 584200 -14732000 228600 0 2 0 1 0 PWR_ON
A 355600 -14681200 203200 0 9 3 #=E3
A 0 0 9 0 3 0 PINTYPE=BI
P 60 0 -14986000 508000 -14986000 0 2 0
L 584200 -14986000 228600 0 2 0 1 0 NRST
A 355600 -14935200 203200 0 9 3 #=E4
A 0 0 9 0 3 0 PINTYPE=BI
P 61 0 -15240000 508000 -15240000 0 2 0
L 584200 -15240000 228600 0 2 0 1 0 VDDA18A_ON
A 355600 -15189200 203200 0 9 3 #=E5
A 0 0 9 0 3 0 PINTYPE=BI
P 62 0 -15494000 508000 -15494000 0 2 0
L 584200 -15494000 228600 0 2 0 1 0 PH2
A 355600 -15443200 203200 0 9 3 #=E6
A 0 0 9 0 3 0 PINTYPE=BI
P 63 0 -15748000 508000 -15748000 0 2 0
L 584200 -15748000 228600 0 2 0 1 0 VSS_2
A 355600 -15697200 203200 0 9 3 #=E7
A 0 0 9 0 3 0 PINTYPE=BI
P 64 0 -16002000 508000 -16002000 0 2 0
L 584200 -16002000 228600 0 2 0 1 0 VDDIO4_1
A 355600 -15951200 203200 0 9 3 #=E8
A 0 0 9 0 3 0 PINTYPE=BI
P 65 0 -16256000 508000 -16256000 0 2 0
L 584200 -16256000 228600 0 2 0 1 0 VDDIO4_2
A 355600 -16205200 203200 0 9 3 #=E9
A 0 0 9 0 3 0 PINTYPE=BI
P 66 0 -16510000 508000 -16510000 0 2 0
L 584200 -16510000 228600 0 2 0 1 0 PD2
A 355600 -16459200 203200 0 9 3 #=E10
A 0 0 9 0 3 0 PINTYPE=BI
P 67 0 -16764000 508000 -16764000 0 2 0
L 584200 -16764000 228600 0 2 0 1 0 PD12
A 355600 -16713200 203200 0 9 3 #=E11
A 0 0 9 0 3 0 PINTYPE=BI
P 68 0 -17018000 508000 -17018000 0 2 0
L 584200 -17018000 228600 0 2 0 1 0 PB3
A 355600 -16967200 203200 0 9 3 #=E12
A 0 0 9 0 3 0 PINTYPE=BI
P 69 0 -17272000 508000 -17272000 0 2 0
L 584200 -17272000 228600 0 2 0 1 0 PB2
A 355600 -17221200 203200 0 9 3 #=E13
A 0 0 9 0 3 0 PINTYPE=BI
P 70 0 -17526000 508000 -17526000 0 2 0
L 584200 -17526000 228600 0 2 0 1 0 PD13
A 355600 -17475200 203200 0 9 3 #=E14
A 0 0 9 0 3 0 PINTYPE=BI
P 71 0 -17780000 508000 -17780000 0 2 0
L 584200 -17780000 228600 0 2 0 1 0 VSSSMP_S_1
A 355600 -17729200 203200 0 9 3 #=F1
A 0 0 9 0 3 0 PINTYPE=BI
P 72 0 -18034000 508000 -18034000 0 2 0
L 584200 -18034000 228600 0 2 0 1 0 VSSSMP_S_2
A 355600 -17983200 203200 0 9 3 #=F2
A 0 0 9 0 3 0 PINTYPE=BI
P 73 0 -18288000 508000 -18288000 0 2 0
L 584200 -18288000 228600 0 2 0 1 0 VSSSMP_S_3
A 355600 -18237200 203200 0 9 3 #=F3
A 0 0 9 0 3 0 PINTYPE=BI
P 74 0 -18542000 508000 -18542000 0 2 0
L 584200 -18542000 228600 0 2 0 1 0 VSSSMP_S_4
A 355600 -18491200 203200 0 9 3 #=F4
A 0 0 9 0 3 0 PINTYPE=BI
P 75 0 -18796000 508000 -18796000 0 2 0
L 584200 -18796000 228600 0 2 0 1 0 VSSAON
A 355600 -18745200 203200 0 9 3 #=F5
A 0 0 9 0 3 0 PINTYPE=BI
P 76 0 -19050000 508000 -19050000 0 2 0
L 584200 -19050000 228600 0 2 0 1 0 VSS_3
A 355600 -18999200 203200 0 9 3 #=F10
A 0 0 9 0 3 0 PINTYPE=BI
P 77 0 -19304000 508000 -19304000 0 2 0
L 584200 -19304000 228600 0 2 0 1 0 PD11
A 355600 -19253200 203200 0 9 3 #=F11
A 0 0 9 0 3 0 PINTYPE=BI
P 78 0 -19558000 508000 -19558000 0 2 0
L 584200 -19558000 228600 0 2 0 1 0 PE0
A 355600 -19507200 203200 0 9 3 #=F12
A 0 0 9 0 3 0 PINTYPE=BI
P 79 0 -19812000 508000 -19812000 0 2 0
L 584200 -19812000 228600 0 2 0 1 0 PE1
A 355600 -19761200 203200 0 9 3 #=F13
A 0 0 9 0 3 0 PINTYPE=BI
P 80 0 -20066000 508000 -20066000 0 2 0
L 584200 -20066000 228600 0 2 0 1 0 PE2
A 355600 -20015200 203200 0 9 3 #=F14
A 0 0 9 0 3 0 PINTYPE=BI
P 81 0 -20320000 508000 -20320000 0 2 0
L 584200 -20320000 228600 0 2 0 1 0 VLXSMPS_1
A 355600 -20269200 203200 0 9 3 #=G1
A 0 0 9 0 3 0 PINTYPE=BI
P 82 0 -20574000 508000 -20574000 0 2 0
L 584200 -20574000 228600 0 2 0 1 0 VLXSMPS_2
A 355600 -20523200 203200 0 9 3 #=G2
A 0 0 9 0 3 0 PINTYPE=BI
P 83 0 -20828000 508000 -20828000 0 2 0
L 584200 -20828000 228600 0 2 0 1 0 VLXSMPS_3
A 355600 -20777200 203200 0 9 3 #=G3
A 0 0 9 0 3 0 PINTYPE=BI
P 84 0 -21082000 508000 -21082000 0 2 0
L 584200 -21082000 228600 0 2 0 1 0 VLXSMPS_4
A 355600 -21031200 203200 0 9 3 #=G4
A 0 0 9 0 3 0 PINTYPE=BI
P 85 0 -21336000 508000 -21336000 0 2 0
L 584200 -21336000 228600 0 2 0 1 0 VDD_1
A 355600 -21285200 203200 0 9 3 #=G10
A 0 0 9 0 3 0 PINTYPE=BI
P 86 0 -21590000 508000 -21590000 0 2 0
L 584200 -21590000 228600 0 2 0 1 0 VDD_2
A 355600 -21539200 203200 0 9 3 #=G11
A 0 0 9 0 3 0 PINTYPE=BI
P 87 0 -21844000 508000 -21844000 0 2 0
L 584200 -21844000 228600 0 2 0 1 0 VDD_3
A 355600 -21793200 203200 0 9 3 #=G12
A 0 0 9 0 3 0 PINTYPE=BI
P 88 0 -22098000 508000 -22098000 0 2 0
L 584200 -22098000 228600 0 2 0 1 0 PE3
A 355600 -22047200 203200 0 9 3 #=G13
A 0 0 9 0 3 0 PINTYPE=BI
P 89 0 -22352000 508000 -22352000 0 2 0
L 584200 -22352000 228600 0 2 0 1 0 PB0
A 355600 -22301200 203200 0 9 3 #=G14
A 0 0 9 0 3 0 PINTYPE=BI
P 90 5080000 0 4572000 0 0 3 0
L 4495800 0 228600 0 8 0 1 0 VDDSMP_S_1
A 4724400 50800 203200 0 3 3 #=H1
A 0 0 9 0 3 0 PINTYPE=BI
P 91 5080000 -254000 4572000 -254000 0 3 0
L 4495800 -254000 228600 0 8 0 1 0 VDDSMP_S_2
A 4724400 -203200 203200 0 3 3 #=H2
A 0 0 9 0 3 0 PINTYPE=BI
P 92 5080000 -508000 4572000 -508000 0 3 0
L 4495800 -508000 228600 0 8 0 1 0 VDDSMP_S_3
A 4724400 -457200 203200 0 3 3 #=H3
A 0 0 9 0 3 0 PINTYPE=BI
P 93 5080000 -762000 4572000 -762000 0 3 0
L 4495800 -762000 228600 0 8 0 1 0 VDDSMP_S_4
A 4724400 -711200 203200 0 3 3 #=H4
A 0 0 9 0 3 0 PINTYPE=BI
P 94 5080000 -1016000 4572000 -1016000 0 3 0
L 4495800 -1016000 228600 0 8 0 1 0 VSS_4
A 4724400 -965200 203200 0 3 3 #=H10
A 0 0 9 0 3 0 PINTYPE=BI
P 95 5080000 -1270000 4572000 -1270000 0 3 0
L 4495800 -1270000 228600 0 8 0 1 0 VSS_5
A 4724400 -1219200 203200 0 3 3 #=H11
A 0 0 9 0 3 0 PINTYPE=BI
P 96 5080000 -1524000 4572000 -1524000 0 3 0
L 4495800 -1524000 228600 0 8 0 1 0 PD9
A 4724400 -1473200 203200 0 3 3 #=H12
A 0 0 9 0 3 0 PINTYPE=BI
P 97 5080000 -1778000 4572000 -1778000 0 3 0
L 4495800 -1778000 228600 0 8 0 1 0 PB7
A 4724400 -1727200 203200 0 3 3 #=H13
A 0 0 9 0 3 0 PINTYPE=BI
P 98 5080000 -2032000 4572000 -2032000 0 3 0
L 4495800 -2032000 228600 0 8 0 1 0 PB6
A 4724400 -1981200 203200 0 3 3 #=H14
A 0 0 9 0 3 0 PINTYPE=BI
P 99 5080000 -2286000 4572000 -2286000 0 3 0
L 4495800 -2286000 228600 0 8 0 1 0 PF4
A 4724400 -2235200 203200 0 3 3 #=J1
A 0 0 9 0 3 0 PINTYPE=BI
P 100 5080000 -2540000 4572000 -2540000 0 3 0
L 4495800 -2540000 228600 0 8 0 1 0 PF6
A 4724400 -2489200 203200 0 3 3 #=J2
A 0 0 9 0 3 0 PINTYPE=BI
P 101 5080000 -2794000 4572000 -2794000 0 3 0
L 4495800 -2794000 228600 0 8 0 1 0 PF10
A 4724400 -2743200 203200 0 3 3 #=J3
A 0 0 9 0 3 0 PINTYPE=BI
P 102 5080000 -3048000 4572000 -3048000 0 3 0
L 4495800 -3048000 228600 0 8 0 1 0 PF5
A 4724400 -2997200 203200 0 3 3 #=J4
A 0 0 9 0 3 0 PINTYPE=BI
P 103 5080000 -3302000 4572000 -3302000 0 3 0
L 4495800 -3302000 228600 0 8 0 1 0 PF3
A 4724400 -3251200 203200 0 3 3 #=J5
A 0 0 9 0 3 0 PINTYPE=BI
P 104 5080000 -3556000 4572000 -3556000 0 3 0
L 4495800 -3556000 228600 0 8 0 1 0 VDDIO3_1
A 4724400 -3505200 203200 0 3 3 #=J10
A 0 0 9 0 3 0 PINTYPE=BI
P 105 5080000 -3810000 4572000 -3810000 0 3 0
L 4495800 -3810000 228600 0 8 0 1 0 VDDIO3_2
A 4724400 -3759200 203200 0 3 3 #=J11
A 0 0 9 0 3 0 PINTYPE=BI
P 106 5080000 -4064000 4572000 -4064000 0 3 0
L 4495800 -4064000 228600 0 8 0 1 0 PN12
A 4724400 -4013200 203200 0 3 3 #=J12
A 0 0 9 0 3 0 PINTYPE=BI
P 107 5080000 -4318000 4572000 -4318000 0 3 0
L 4495800 -4318000 228600 0 8 0 1 0 PN4
A 4724400 -4267200 203200 0 3 3 #=J13
A 0 0 9 0 3 0 PINTYPE=BI
P 108 5080000 -4572000 4572000 -4572000 0 3 0
L 4495800 -4572000 228600 0 8 0 1 0 PN8
A 4724400 -4521200 203200 0 3 3 #=J14
A 0 0 9 0 3 0 PINTYPE=BI
P 109 5080000 -4826000 4572000 -4826000 0 3 0
L 4495800 -4826000 228600 0 8 0 1 0 PF2
A 4724400 -4775200 203200 0 3 3 #=K1
A 0 0 9 0 3 0 PINTYPE=BI
P 110 5080000 -5080000 4572000 -5080000 0 3 0
L 4495800 -5080000 228600 0 8 0 1 0 PF14
A 4724400 -5029200 203200 0 3 3 #=K2
A 0 0 9 0 3 0 PINTYPE=BI
P 111 5080000 -5334000 4572000 -5334000 0 3 0
L 4495800 -5334000 228600 0 8 0 1 0 PF15
A 4724400 -5283200 203200 0 3 3 #=K3
A 0 0 9 0 3 0 PINTYPE=BI
P 112 5080000 -5588000 4572000 -5588000 0 3 0
L 4495800 -5588000 228600 0 8 0 1 0 PF7
A 4724400 -5537200 203200 0 3 3 #=K4
A 0 0 9 0 3 0 PINTYPE=BI
P 113 5080000 -5842000 4572000 -5842000 0 3 0
L 4495800 -5842000 228600 0 8 0 1 0 VSS_6
A 4724400 -5791200 203200 0 3 3 #=K5
A 0 0 9 0 3 0 PINTYPE=BI
P 114 5080000 -6096000 4572000 -6096000 0 3 0
L 4495800 -6096000 228600 0 8 0 1 0 VDDCOR_E_1
A 4724400 -6045200 203200 0 3 3 #=K6
A 0 0 9 0 3 0 PINTYPE=BI
P 115 5080000 -6350000 4572000 -6350000 0 3 0
L 4495800 -6350000 228600 0 8 0 1 0 VDDCOR_E_2
A 4724400 -6299200 203200 0 3 3 #=K7
A 0 0 9 0 3 0 PINTYPE=BI
P 116 5080000 -6604000 4572000 -6604000 0 3 0
L 4495800 -6604000 228600 0 8 0 1 0 VDDCOR_E_3
A 4724400 -6553200 203200 0 3 3 #=K8
A 0 0 9 0 3 0 PINTYPE=BI
P 117 5080000 -6858000 4572000 -6858000 0 3 0
L 4495800 -6858000 228600 0 8 0 1 0 VDDCOR_E_4
A 4724400 -6807200 203200 0 3 3 #=K9
A 0 0 9 0 3 0 PINTYPE=BI
P 118 5080000 -7112000 4572000 -7112000 0 3 0
L 4495800 -7112000 228600 0 8 0 1 0 VSS_7
A 4724400 -7061200 203200 0 3 3 #=K10
A 0 0 9 0 3 0 PINTYPE=BI
P 119 5080000 -7366000 4572000 -7366000 0 3 0
L 4495800 -7366000 228600 0 8 0 1 0 PA3
A 4724400 -7315200 203200 0 3 3 #=K11
A 0 0 9 0 3 0 PINTYPE=BI
P 120 5080000 -7620000 4572000 -7620000 0 3 0
L 4495800 -7620000 228600 0 8 0 1 0 PN6
A 4724400 -7569200 203200 0 3 3 #=K12
A 0 0 9 0 3 0 PINTYPE=BI
P 121 5080000 -7874000 4572000 -7874000 0 3 0
L 4495800 -7874000 228600 0 8 0 1 0 PN7
A 4724400 -7823200 203200 0 3 3 #=K13
A 0 0 9 0 3 0 PINTYPE=BI
P 122 5080000 -8128000 4572000 -8128000 0 3 0
L 4495800 -8128000 228600 0 8 0 1 0 PN5
A 4724400 -8077200 203200 0 3 3 #=K14
A 0 0 9 0 3 0 PINTYPE=BI
P 123 5080000 -8382000 4572000 -8382000 0 3 0
L 4495800 -8382000 228600 0 8 0 1 0 PF8
A 4724400 -8331200 203200 0 3 3 #=L1
A 0 0 9 0 3 0 PINTYPE=BI
P 124 5080000 -8636000 4572000 -8636000 0 3 0
L 4495800 -8636000 228600 0 8 0 1 0 PF11
A 4724400 -8585200 203200 0 3 3 #=L2
A 0 0 9 0 3 0 PINTYPE=BI
P 125 5080000 -8890000 4572000 -8890000 0 3 0
L 4495800 -8890000 228600 0 8 0 1 0 PF12
A 4724400 -8839200 203200 0 3 3 #=L3
A 0 0 9 0 3 0 PINTYPE=BI
P 126 5080000 -9144000 4572000 -9144000 0 3 0
L 4495800 -9144000 228600 0 8 0 1 0 VDDA18P_LL
A 4724400 -9093200 203200 0 3 3 #=L4
A 0 0 9 0 3 0 PINTYPE=BI
P 127 5080000 -9398000 4572000 -9398000 0 3 0
L 4495800 -9398000 228600 0 8 0 1 0 PG14
A 4724400 -9347200 203200 0 3 3 #=L5
A 0 0 9 0 3 0 PINTYPE=BI
P 128 5080000 -9652000 4572000 -9652000 0 3 0
L 4495800 -9652000 228600 0 8 0 1 0 PA12
A 4724400 -9601200 203200 0 3 3 #=L6
A 0 0 9 0 3 0 PINTYPE=BI
P 129 5080000 -9906000 4572000 -9906000 0 3 0
L 4495800 -9906000 228600 0 8 0 1 0 VDDCOR_E_5
A 4724400 -9855200 203200 0 3 3 #=L7
A 0 0 9 0 3 0 PINTYPE=BI
P 130 5080000 -10160000 4572000 -10160000 0 3 0
L 4495800 -10160000 228600 0 8 0 1 0 PA6
A 4724400 -10109200 203200 0 3 3 #=L8
A 0 0 9 0 3 0 PINTYPE=BI
P 131 5080000 -10414000 4572000 -10414000 0 3 0
L 4495800 -10414000 228600 0 8 0 1 0 PA1
A 4724400 -10363200 203200 0 3 3 #=L9
A 0 0 9 0 3 0 PINTYPE=BI
P 132 5080000 -10668000 4572000 -10668000 0 3 0
L 4495800 -10668000 228600 0 8 0 1 0 PB11
A 4724400 -10617200 203200 0 3 3 #=L10
A 0 0 9 0 3 0 PINTYPE=BI
P 133 5080000 -10922000 4572000 -10922000 0 3 0
L 4495800 -10922000 228600 0 8 0 1 0 PB4
A 4724400 -10871200 203200 0 3 3 #=L11
A 0 0 9 0 3 0 PINTYPE=BI
P 134 5080000 -11176000 4572000 -11176000 0 3 0
L 4495800 -11176000 228600 0 8 0 1 0 PG8
A 4724400 -11125200 203200 0 3 3 #=L12
A 0 0 9 0 3 0 PINTYPE=BI
P 135 5080000 -11430000 4572000 -11430000 0 3 0
L 4495800 -11430000 228600 0 8 0 1 0 PN2
A 4724400 -11379200 203200 0 3 3 #=L13
A 0 0 9 0 3 0 PINTYPE=BI
P 136 5080000 -11684000 4572000 -11684000 0 3 0
L 4495800 -11684000 228600 0 8 0 1 0 PN9
A 4724400 -11633200 203200 0 3 3 #=L14
A 0 0 9 0 3 0 PINTYPE=BI
P 137 5080000 -11938000 4572000 -11938000 0 3 0
L 4495800 -11938000 228600 0 8 0 1 0 VREF+
A 4724400 -11887200 203200 0 3 3 #=M1
A 0 0 9 0 3 0 PINTYPE=BI
P 138 5080000 -12192000 4572000 -12192000 0 3 0
L 4495800 -12192000 228600 0 8 0 1 0 PF13
A 4724400 -12141200 203200 0 3 3 #=M2
A 0 0 9 0 3 0 PINTYPE=BI
P 139 5080000 -12446000 4572000 -12446000 0 3 0
L 4495800 -12446000 228600 0 8 0 1 0 VDDA18A_DC
A 4724400 -12395200 203200 0 3 3 #=M3
A 0 0 9 0 3 0 PINTYPE=BI
P 140 5080000 -12700000 4572000 -12700000 0 3 0
L 4495800 -12700000 228600 0 8 0 1 0 VSSA
A 4724400 -12649200 203200 0 3 3 #=M4
A 0 0 9 0 3 0 PINTYPE=BI
P 141 5080000 -12954000 4572000 -12954000 0 3 0
L 4495800 -12954000 228600 0 8 0 1 0 PG15
A 4724400 -12903200 203200 0 3 3 #=M5
A 0 0 9 0 3 0 PINTYPE=BI
P 142 5080000 -13208000 4572000 -13208000 0 3 0
L 4495800 -13208000 228600 0 8 0 1 0 PA11
A 4724400 -13157200 203200 0 3 3 #=M6
A 0 0 9 0 3 0 PINTYPE=BI
P 143 5080000 -13462000 4572000 -13462000 0 3 0
L 4495800 -13462000 228600 0 8 0 1 0 PA9
A 4724400 -13411200 203200 0 3 3 #=M7
A 0 0 9 0 3 0 PINTYPE=BI
P 144 5080000 -13716000 4572000 -13716000 0 3 0
L 4495800 -13716000 228600 0 8 0 1 0 PA5
A 4724400 -13665200 203200 0 3 3 #=M8
A 0 0 9 0 3 0 PINTYPE=BI
P 145 5080000 -13970000 4572000 -13970000 0 3 0
L 4495800 -13970000 228600 0 8 0 1 0 PG1
A 4724400 -13919200 203200 0 3 3 #=M9
A 0 0 9 0 3 0 PINTYPE=BI
P 146 5080000 -14224000 4572000 -14224000 0 3 0
L 4495800 -14224000 228600 0 8 0 1 0 PB12
A 4724400 -14173200 203200 0 3 3 #=M10
A 0 0 9 0 3 0 PINTYPE=BI
P 147 5080000 -14478000 4572000 -14478000 0 3 0
L 4495800 -14478000 228600 0 8 0 1 0 PB5
A 4724400 -14427200 203200 0 3 3 #=M11
A 0 0 9 0 3 0 PINTYPE=BI
P 148 5080000 -14732000 4572000 -14732000 0 3 0
L 4495800 -14732000 228600 0 8 0 1 0 PG0
A 4724400 -14681200 203200 0 3 3 #=M12
A 0 0 9 0 3 0 PINTYPE=BI
P 149 5080000 -14986000 4572000 -14986000 0 3 0
L 4495800 -14986000 228600 0 8 0 1 0 PN0
A 4724400 -14935200 203200 0 3 3 #=M13
A 0 0 9 0 3 0 PINTYPE=BI
P 150 5080000 -15240000 4572000 -15240000 0 3 0
L 4495800 -15240000 228600 0 8 0 1 0 PN10
A 4724400 -15189200 203200 0 3 3 #=M14
A 0 0 9 0 3 0 PINTYPE=BI
P 151 5080000 -15494000 4572000 -15494000 0 3 0
L 4495800 -15494000 228600 0 8 0 1 0 VREF-
A 4724400 -15443200 203200 0 3 3 #=N1
A 0 0 9 0 3 0 PINTYPE=BI
P 152 5080000 -15748000 4572000 -15748000 0 3 0
L 4495800 -15748000 228600 0 8 0 1 0 CSI_D1N
A 4724400 -15697200 203200 0 3 3 #=N2
A 0 0 9 0 3 0 PINTYPE=BI
P 153 5080000 -16002000 4572000 -16002000 0 3 0
L 4495800 -16002000 228600 0 8 0 1 0 CSI_CKN
A 4724400 -15951200 203200 0 3 3 #=N3
A 0 0 9 0 3 0 PINTYPE=BI
P 154 5080000 -16256000 4572000 -16256000 0 3 0
L 4495800 -16256000 228600 0 8 0 1 0 CSI_D0N
A 4724400 -16205200 203200 0 3 3 #=N4
A 0 0 9 0 3 0 PINTYPE=BI
P 155 5080000 -16510000 4572000 -16510000 0 3 0
L 4495800 -16510000 228600 0 8 0 1 0 CSI_REX_T
A 4724400 -16459200 203200 0 3 3 #=N5
A 0 0 9 0 3 0 PINTYPE=BI
P 156 5080000 -16764000 4572000 -16764000 0 3 0
L 4495800 -16764000 228600 0 8 0 1 0 VDDCSI
A 4724400 -16713200 203200 0 3 3 #=N6
A 0 0 9 0 3 0 PINTYPE=BI
P 157 5080000 -17018000 4572000 -17018000 0 3 0
L 4495800 -17018000 228600 0 8 0 1 0 PA10
A 4724400 -16967200 203200 0 3 3 #=N7
A 0 0 9 0 3 0 PINTYPE=BI
P 158 5080000 -17272000 4572000 -17272000 0 3 0
L 4495800 -17272000 228600 0 8 0 1 0 PA2
A 4724400 -17221200 203200 0 3 3 #=N8
A 0 0 9 0 3 0 PINTYPE=BI
P 159 5080000 -17526000 4572000 -17526000 0 3 0
L 4495800 -17526000 228600 0 8 0 1 0 PG12
A 4724400 -17475200 203200 0 3 3 #=N9
A 0 0 9 0 3 0 PINTYPE=BI
P 160 5080000 -17780000 4572000 -17780000 0 3 0
L 4495800 -17780000 228600 0 8 0 1 0 PG10
A 4724400 -17729200 203200 0 3 3 #=N10
A 0 0 9 0 3 0 PINTYPE=BI
P 161 5080000 -18034000 4572000 -18034000 0 3 0
L 4495800 -18034000 228600 0 8 0 1 0 PG2
A 4724400 -17983200 203200 0 3 3 #=N11
A 0 0 9 0 3 0 PINTYPE=BI
P 162 5080000 -18288000 4572000 -18288000 0 3 0
L 4495800 -18288000 228600 0 8 0 1 0 PA15
A 4724400 -18237200 203200 0 3 3 #=N12
A 0 0 9 0 3 0 PINTYPE=BI
P 163 5080000 -18542000 4572000 -18542000 0 3 0
L 4495800 -18542000 228600 0 8 0 1 0 PN3
A 4724400 -18491200 203200 0 3 3 #=N13
A 0 0 9 0 3 0 PINTYPE=BI
P 164 5080000 -18796000 4572000 -18796000 0 3 0
L 4495800 -18796000 228600 0 8 0 1 0 PN11
A 4724400 -18745200 203200 0 3 3 #=N14
A 0 0 9 0 3 0 PINTYPE=BI
P 165 5080000 -19050000 4572000 -19050000 0 3 0
L 4495800 -19050000 228600 0 8 0 1 0 VSS_8
A 4724400 -18999200 203200 0 3 3 #=P1
A 0 0 9 0 3 0 PINTYPE=BI
P 166 5080000 -19304000 4572000 -19304000 0 3 0
L 4495800 -19304000 228600 0 8 0 1 0 CSI_D1P
A 4724400 -19253200 203200 0 3 3 #=P2
A 0 0 9 0 3 0 PINTYPE=BI
P 167 5080000 -19558000 4572000 -19558000 0 3 0
L 4495800 -19558000 228600 0 8 0 1 0 CSI_CKP
A 4724400 -19507200 203200 0 3 3 #=P3
A 0 0 9 0 3 0 PINTYPE=BI
P 168 5080000 -19812000 4572000 -19812000 0 3 0
L 4495800 -19812000 228600 0 8 0 1 0 CSI_D0P
A 4724400 -19761200 203200 0 3 3 #=P4
A 0 0 9 0 3 0 PINTYPE=BI
P 169 5080000 -20066000 4572000 -20066000 0 3 0
L 4495800 -20066000 228600 0 8 0 1 0 VDDA18C_SI
A 4724400 -20015200 203200 0 3 3 #=P5
A 0 0 9 0 3 0 PINTYPE=BI
P 170 5080000 -20320000 4572000 -20320000 0 3 0
L 4495800 -20320000 228600 0 8 0 1 0 PA14
A 4724400 -20269200 203200 0 3 3 #=P6
A 0 0 9 0 3 0 PINTYPE=BI
P 171 5080000 -20574000 4572000 -20574000 0 3 0
L 4495800 -20574000 228600 0 8 0 1 0 PA13
A 4724400 -20523200 203200 0 3 3 #=P7
A 0 0 9 0 3 0 PINTYPE=BI
P 172 5080000 -20828000 4572000 -20828000 0 3 0
L 4495800 -20828000 228600 0 8 0 1 0 PA8
A 4724400 -20777200 203200 0 3 3 #=P8
A 0 0 9 0 3 0 PINTYPE=BI
P 173 5080000 -21082000 4572000 -21082000 0 3 0
L 4495800 -21082000 228600 0 8 0 1 0 PG13
A 4724400 -21031200 203200 0 3 3 #=P9
A 0 0 9 0 3 0 PINTYPE=BI
P 174 5080000 -21336000 4572000 -21336000 0 3 0
L 4495800 -21336000 228600 0 8 0 1 0 PA0
A 4724400 -21285200 203200 0 3 3 #=P10
A 0 0 9 0 3 0 PINTYPE=BI
P 175 5080000 -21590000 4572000 -21590000 0 3 0
L 4495800 -21590000 228600 0 8 0 1 0 PB10
A 4724400 -21539200 203200 0 3 3 #=P11
A 0 0 9 0 3 0 PINTYPE=BI
P 176 5080000 -21844000 4572000 -21844000 0 3 0
L 4495800 -21844000 228600 0 8 0 1 0 PA7
A 4724400 -21793200 203200 0 3 3 #=P12
A 0 0 9 0 3 0 PINTYPE=BI
P 177 5080000 -22098000 4572000 -22098000 0 3 0
L 4495800 -22098000 228600 0 8 0 1 0 PN1
A 4724400 -22047200 203200 0 3 3 #=P13
A 0 0 9 0 3 0 PINTYPE=BI
P 178 5080000 -22352000 4572000 -22352000 0 3 0
L 4495800 -22352000 228600 0 8 0 1 0 VSS_9
A 4724400 -22301200 203200 0 3 3 #=P14
A 0 0 9 0 3 0 PINTYPE=BI
E
