V 54
K 1
D 0 -508000 5080000 0
Y 1
U 4699000 762000 254000 0 2 3 REFDES=IC?
U 4699000 508000 254000 0 2 3 DEVICE=DPX167125DT-8197B1
U 4699000 254000 254000 0 2 0 PKG_TYPE=DPX167125DT8197B1
U 4699000 0 254000 0 2 0 Description=Signal Conditioning Multilayer DPX for 2.4-2.5GHz W-LAN&BT/5-7GHz W-LAN
U 4699000 -254000 254000 0 2 0 Datasheet Link=https://www.mouser.ph/ProductDetail/TDK/DPX167125DT-8197B1?qs=iLKYxzqNS75cuGe4fWh6hg%3D%3D
U 4699000 -508000 254000 0 2 0 Height=0.7
U 4699000 -762000 254000 0 2 0 Manufacturer_Name=TDK
U 4699000 -1016000 254000 0 2 0 Manufacturer_Part_Number=DPX167125DT-8197B1
U 4699000 -1270000 254000 0 2 0 Mouser Part Number=
U 4699000 -1524000 254000 0 2 0 Mouser Price/Stock=
U 4699000 -1778000 254000 0 2 0 Arrow Part Number=DPX167125DT-8197B1
U 4699000 -2032000 254000 0 2 0 Arrow Price/Stock=https://www.arrow.com/en/products/dpx167125dt-8197b1/tdk?utm_currency=USD&region=nac
U 0 0 254000 0 1 0 FORWARD_PCB=1
l 5 508000 254000 4572000 254000 4572000 -762000 508000 -762000 508000 254000
|GRPHSTL -1 -1 -1 1
P 1 0 0 508000 0 0 2 0
L 584200 0 228600 0 2 0 1 0 GND_1
A 355600 50800 203200 0 9 3 #=1
A 0 0 9 0 3 0 PINTYPE=BI
P 2 0 -254000 508000 -254000 0 2 0
L 584200 -254000 228600 0 2 0 1 0 COMMON_PORT
A 355600 -203200 203200 0 9 3 #=2
A 0 0 9 0 3 0 PINTYPE=BI
P 3 0 -508000 508000 -508000 0 2 0
L 584200 -508000 228600 0 2 0 1 0 GND_2
A 355600 -457200 203200 0 9 3 #=3
A 0 0 9 0 3 0 PINTYPE=BI
P 4 5080000 -508000 4572000 -508000 0 3 0
L 4495800 -508000 228600 0 8 0 1 0 LOW-BAND_PORT
A 4724400 -457200 203200 0 3 3 #=4
A 0 0 9 0 3 0 PINTYPE=BI
P 5 5080000 -254000 4572000 -254000 0 3 0
L 4495800 -254000 228600 0 8 0 1 0 GND_3
A 4724400 -203200 203200 0 3 3 #=5
A 0 0 9 0 3 0 PINTYPE=BI
P 6 5080000 0 4572000 0 0 3 0
L 4495800 0 228600 0 8 0 1 0 HIGH-BAND_PORT
A 4724400 50800 203200 0 3 3 #=6
A 0 0 9 0 3 0 PINTYPE=BI
E
